Id,SalePrice
1461,131037.41803741443
1462,165455.41563131165
1463,183407.02745578837
1464,187821.45052276173
1465,183484.56654695532
1466,182378.90340028072
1467,170485.79785478147
1468,175096.2566887928
1469,166467.22706792422
1470,117862.90841729616
1471,182041.22756530056
1472,123053.29106127977
1473,103494.7154769032
1474,155410.56776444495
1475,137416.7799605271
1476,316013.5569981911
1477,224216.78653979127
1478,238373.65491413145
1479,245849.71083008195
1480,273219.28124987794
1481,286318.9949852033
1482,196252.21103613573
1483,192444.13962397777
1484,178905.1222061115
1485,175415.29864804726
1486,191020.90604424785
1487,261740.06904772256
1488,223803.78260669697
1489,218966.1896775926
1490,203891.79706435488
1491,195255.7277860138
1492,113147.67349757279
1493,178195.51022731658
1494,272317.6616084962
1495,265642.6920378329
1496,200700.03741545606
1497,172938.6387742239
1498,152755.0796056343
1499,150947.14553557106
1500,160004.5664627408
1501,169883.08559344427
1502,152705.67743458095
1503,210752.51454627578
1504,222897.22325118337
1505,213257.69690485767
1506,177677.87280585448
1507,233101.7238615689
1508,176660.80434914882
1509,164489.54579743126
1510,146392.10615882187
1511,147845.06795072864
1512,171178.0556261382
1513,147536.94030504982
1514,161471.12956960907
1515,166114.05360390467
1516,163378.61714010313
1517,157371.50909055682
1518,127393.11573656378
1519,210969.20111905516
1520,129945.9556548083
1521,142892.7606627129
1522,159845.2511505697
1523,125811.43858115766
1524,113458.99607942531
1525,131190.77652194028
1526,132841.7230097965
1527,108890.10196359329
1528,129021.2026820651
1529,148989.42157868197
1530,159201.8268154012
1531,112412.65418208567
1532,103578.21976526562
1533,134832.64554252676
1534,120131.91446871453
1535,156321.52144232395
1536,116374.92722345052
1537,87286.19302813304
1538,173148.9062937049
1539,206948.38412635995
1540,110977.76430698452
1541,157897.19583352492
1542,149476.68553032103
1543,185202.4205975472
1544,89964.86249369041
1545,117617.21914355522
1546,136157.18025034032
1547,139022.3929302027
1548,140721.64703068987
1549,118340.33527305121
1550,133895.50072387245
1551,107929.27918747881
1552,135182.66094114567
1553,161459.3244526998
1554,120900.80241997575
1555,171739.7210808496
1556,122265.03022719148
1557,108031.9964207979
1558,116771.04598834705
1559,127940.83791356579
1560,120496.14907695795
1561,115280.83538559967
1562,132947.54054155853
1563,122832.54629760957
1564,135973.6339425996
1565,145647.74624467557
1566,208909.2504255561
1567,98063.4043402459
1568,223414.29724982104
1569,144665.10997942672
1570,146179.7905447889
1571,128956.23576899809
1572,134221.54229976385
1573,213153.4976732742
1574,133072.1973009291
1575,186904.34212992675
1576,201111.15208744656
1577,203506.57146678062
1578,168795.44825928367
1579,139672.8437309067
1580,195827.28123266596
1581,151638.10342947018
1582,119503.42499135535
1583,234484.55989340675
1584,239886.09708455825
1585,140449.86692727538
1586,95798.24010236067
1587,117553.97581743046
1588,135406.22735051924
1589,116041.32173863104
1590,143906.356896278
1591,109543.90533656135
1592,127292.05983947784
1593,106219.02721253045
1594,141714.41439425526
1595,107162.62846227293
1596,218583.08495736666
1597,191005.13461279427
1598,195023.32096321989
1599,155192.23862103556
1600,177617.77702501544
1601,79648.19371751913
1602,111928.48855060154
1603,89882.61415893128
1604,213702.1833660216
1605,214414.6622604406
1606,176811.23852609503
1607,177804.35327370345
1608,209223.70375411803
1609,213759.3422006644
1610,175341.7730100072
1611,164948.38237667794
1612,185126.9315210903
1613,168496.5957229743
1614,122598.73001123853
1615,102627.93331518126
1616,93016.15350142312
1617,94397.94571118665
1618,130227.39791396285
1619,144956.2407331255
1620,173160.90943562635
1621,148689.00691756312
1622,149703.22787921192
1623,214492.03372970363
1624,203654.1619264463
1625,134832.29798789215
1626,167431.9230678681
1627,182511.91461770984
1628,234194.0799594842
1629,172828.88067084807
1630,211027.0108368598
1631,178354.0286389427
1632,219417.06147963816
1633,170033.64374706172
1634,177980.57931725608
1635,169399.69110130414
1636,169124.72031000102
1637,183600.95548593096
1638,201777.23980749727
1639,180352.77608494632
1640,243570.06683193907
1641,186350.28330178876
1642,226764.59435535147
1643,222385.0591585344
1644,219846.1174802498
1645,167644.9025747337
1646,166601.5179584188
1647,160497.22948580654
1648,136378.04508578792
1649,145452.82922351058
1650,115140.64857801591
1651,127451.79979318775
1652,122589.70758077066
1653,125756.94050020313
1654,150271.71009869647
1655,135372.6319858895
1656,148030.98356529468
1657,148007.2840298615
1658,153022.83054224946
1659,135526.9947002112
1660,148705.60332070815
1661,319190.0403377892
1662,331074.12097353744
1663,249264.0648166185
1664,273471.5360998368
1665,238061.2823266897
1666,235760.24515801793
1667,293890.2221075329
1668,237193.2510886742
1669,231392.45517855804
1670,239546.89708853958
1671,236907.47948071777
1672,255843.60411071914
1673,282186.7797536331
1674,218136.30864830746
1675,192804.71239949693
1676,196677.0372529548
1677,213126.82639795882
1678,267669.0816122904
1679,254237.2176279428
1680,235466.7009286774
1681,220908.5516890564
1682,222201.88409849274
1683,185941.56942090363
1684,183643.30498346532
1685,175823.664974036
1686,179085.81298176336
1687,173181.0795139017
1688,183685.76780891142
1689,185778.3842343348
1690,182183.15833981687
1691,166202.46318877547
1692,222609.82260807607
1693,175036.0406594149
1694,176986.88152677406
1695,170890.95196289616
1696,245246.1325877803
1697,173633.54950344883
1698,270571.901891138
1699,256095.92591828448
1700,250787.1100638196
1701,268248.21790174616
1702,237919.92396520678
1703,226912.53672315925
1704,236161.18279630432
1705,204766.26102100988
1706,255607.91812810948
1707,223649.07566025513
1708,221489.08128219642
1709,230977.97288794376
1710,210214.87207961676
1711,233990.2109179707
1712,240344.64762509082
1713,247556.66801504817
1714,223137.61099074452
1715,205381.27444761683
1716,177535.77652167596
1717,163700.58159252146
1718,156987.25951478526
1719,219930.44469708303
1720,211330.81049921623
1721,175858.459733884
1722,158678.5403092114
1723,169013.43634360825
1724,210941.62223351107
1725,233302.5392993795
1726,189695.84542150042
1727,173684.73673490668
1728,195934.51445381326
1729,173058.23917597576
1730,159342.55162889298
1731,125924.37436602137
1732,125073.46088258478
1733,122537.35698356033
1734,130188.45119078588
1735,133987.4581419549
1736,124932.03435192024
1737,219513.45021102903
1738,225306.84528834958
1739,208963.36783743062
1740,192781.48754405524
1741,176385.6731681253
1742,172098.03720907078
1743,179480.53985142033
1744,218975.79003262718
1745,199564.25967011668
1746,202528.4657999804
1747,202736.53969880583
1748,225473.12888435714
1749,159639.85197438495
1750,147110.60726005962
1751,212544.33985826926
1752,118127.92024147563
1753,150863.5968623459
1754,188107.05438626415
1755,167086.3321348766
1756,117394.75957728914
1757,117401.44838809126
1758,139238.29373355827
1759,153024.1323265265
1760,150307.85464832676
1761,150739.64323169427
1762,174761.4894713576
1763,165485.12717608936
1764,122721.15375105917
1765,169625.7813973303
1766,170142.55942588352
1767,201288.10138853907
1768,136408.42393191485
1769,158872.1731104154
1770,151988.46542238447
1771,129774.52030260276
1772,141713.96588289828
1773,120123.87409629229
1774,139702.22548030826
1775,130993.45630473417
1776,119169.25045690592
1777,107839.37285526008
1778,127963.19499482513
1779,130688.94844124053
1780,167790.11045370184
1781,117542.8568536786
1782,101321.16612376012
1783,156283.32389609196
1784,114042.3912203561
1785,123624.6691971952
1786,136008.48784834458
1787,174068.87966863968
1788,88562.93093223932
1789,110908.1799037844
1790,99833.12159233357
1791,173988.20492640696
1792,161908.71704569188
1793,131196.85396986714
1794,145361.01947942405
1795,147872.74364340794
1796,142959.37167029319
1797,112558.25901119264
1798,128231.95803974758
1799,98563.75824867998
1800,143345.420990179
1801,137230.32443384628
1802,133308.65964910007
1803,154547.52237872308
1804,143554.32809290194
1805,141344.80284643374
1806,128518.1247048893
1807,127476.56844567973
1808,147335.31174588113
1809,151405.76673231318
1810,133212.61908289065
1811,117789.12092867603
1812,109109.96783317997
1813,127509.08086114762
1814,89250.63469188321
1815,75423.12470220585
1816,95561.57009062899
1817,119790.21897671763
1818,152572.35338108658
1819,131384.83892158463
1820,82461.81614496138
1821,125397.2420049697
1822,150428.420548384
1823,79196.55078738085
1824,143642.6804675233
1825,150411.83990705435
1826,108774.86959859105
1827,111235.1428160897
1828,142092.31685645337
1829,103820.87085174731
1830,137661.4451968847
1831,162518.9350762793
1832,116535.95003739711
1833,123602.60900738157
1834,141721.70017159876
1835,157049.40893560086
1836,126366.52408044424
1837,101648.30573888034
1838,142441.12975768265
1839,99377.73900236738
1840,176199.08102911347
1841,140030.65470265827
1842,101980.86209924688
1843,145073.12604306015
1844,135427.2504716317
1845,151457.59456734583
1846,159613.46877862202
1847,168860.4408928402
1848,73980.41432196334
1849,136552.98378780883
1850,122837.40973754344
1851,150126.52087534274
1852,116942.32472514709
1853,145028.73139798746
1854,165877.78263472198
1855,168264.57007242672
1856,220237.68322743557
1857,176487.1578767888
1858,143371.58293684953
1859,125518.13796565028
1860,158511.88249167157
1861,125154.47811350926
1862,225847.34485943418
1863,214240.98844892724
1864,214784.595858554
1865,216414.33093656
1866,247814.09695713726
1867,215074.55389828436
1868,248137.19225368358
1869,198487.59789132647
1870,202737.2643225773
1871,236643.03424489638
1872,175227.05719429255
1873,217553.76369838492
1874,140922.54720024127
1875,210253.88350894474
1876,192512.13487863826
1877,212211.3015235113
1878,212927.1012398119
1879,136650.65727376874
1880,124625.9724311885
1881,225509.95832465624
1882,232462.15622526396
1883,198607.7010837897
1884,221794.10473521266
1885,210597.8640986099
1886,235453.34814796026
1887,195421.11050414643
1888,234828.92924788597
1889,176642.75359455086
1890,128559.8254131759
1891,140481.10625760115
1892,101794.83401558692
1893,116725.60420551649
1894,114468.55339185122
1895,142088.71145152638
1896,115528.82346627563
1897,118887.3996914574
1898,127116.23050533477
1899,143081.5301651642
1900,149273.3867904863
1901,158380.84084507395
1902,148609.95709069908
1903,193285.78630821934
1904,129660.78297139186
1905,188431.82851601235
1906,170967.66022799103
1907,191398.34297814817
1908,126494.22011385464
1909,137408.2709978281
1910,129748.2677310439
1911,206864.975214683
1912,252523.37517300117
1913,155955.079928792
1914,90386.88935880315
1915,229094.53605929777
1916,97066.78072171813
1917,240142.1063422356
1918,153326.7010973746
1919,158687.2865264101
1920,170648.78311882203
1921,247065.55480155334
1922,236692.9057187215
1923,197317.24783753607
1924,182082.93915955434
1925,243280.82963057
1926,244945.16887894404
1927,153687.71575443697
1928,172355.16522924928
1929,129969.5045248288
1930,147906.6489396183
1931,135069.72329837483
1932,148859.5771489944
1933,166352.0066669801
1934,182415.40621383523
1935,174667.07209550845
1936,177596.21427740084
1937,193763.16141664336
1938,183856.88054069475
1939,188977.5337618477
1940,184111.48509743667
1941,178793.51466673255
1942,193139.74489206306
1943,188869.85253465394
1944,291456.12486569287
1945,231115.10522240453
1946,153727.21559408083
1947,220770.445436509
1948,176297.96785045613
1949,214786.47406230986
1950,183335.9097769008
1951,215517.57852274226
1952,207678.15250650325
1953,179193.47180071342
1954,217296.10728369592
1955,144750.17693280507
1956,243013.9195128177
1957,175174.36945880545
1958,254904.1997898021
1959,135999.99983693863
1960,122953.70796511747
1961,113470.88030718135
1962,122589.70758077066
1963,128424.39349678987
1964,129087.91427434767
1965,148063.2927153892
1966,132964.86131417644
1967,227602.33459930218
1968,280943.3662966477
1969,241711.26758549365
1970,306805.83493803994
1971,304133.7268975621
1972,293206.8979315597
1973,252430.22296530232
1974,295608.3807241883
1975,224208.80892770833
1976,222038.87075085245
1977,286360.54213225085
1978,289060.9269026225
1979,234553.26679542573
1980,198437.8696122274
1981,229850.98991924155
1982,201280.6282872602
1983,201280.6282872602
1984,154000.08124754365
1985,202226.0890640742
1986,224127.56349891025
1987,206291.6397704105
1988,186434.29222814649
1989,191730.63046603862
1990,216897.22125236643
1991,221563.4871341217
1992,205990.63489117185
1993,175026.28829573627
1994,236635.77919679668
1995,185734.32131288244
1996,248268.80037333176
1997,271771.2959988176
1998,237315.96172492724
1999,275209.2557940287
2000,265728.25310048385
2001,263530.3392950591
2002,226778.89213862972
2003,230072.2117665062
2004,241803.19888077138
2005,216589.83468271157
2006,250579.99329856178
2007,240214.13218815904
2008,209480.22797354762
2009,191496.02116742524
2010,198196.47148397984
2011,160647.93620030617
2012,189717.56079985746
2013,184520.62796247506
2014,187246.59801389667
2015,204791.1586466912
2016,191249.79985845735
2017,202017.44495587522
2018,126162.51999645945
2019,140825.0410467792
2020,121453.86640652023
2021,113521.67703894287
2022,184868.4839928262
2023,130816.82200918824
2024,221100.3522173876
2025,271682.1068412303
2026,180590.95214782533
2027,156208.92954810886
2028,169568.62762055302
2029,169771.2258180776
2030,222882.61232895692
2031,175673.43081464872
2032,183737.11856568576
2033,211980.29936314124
2034,171246.94619955015
2035,212530.72602148456
2036,180352.9191700334
2037,179896.32950722607
2038,220031.92739575208
2039,173601.89674982207
2040,217872.36681119763
2041,222143.51392468766
2042,210763.76255655248
2043,160464.55182196503
2044,153131.938362571
2045,205535.93048699945
2046,133256.68458129955
2047,149844.195538782
2048,134470.96101102236
2049,133193.22686881723
2050,181756.6257968766
2051,122708.8943983827
2052,141347.68430119904
2053,144242.09281128048
2054,105287.67992000844
2055,158857.71863356288
2056,150212.17260977556
2057,120714.40078342236
2058,218224.52387473988
2059,124489.05438059021
2060,161550.20745247917
2061,169076.82247841737
2062,135712.14070604398
2063,117606.61900032987
2064,141435.76121824165
2065,118116.50898192887
2066,176314.6202403087
2067,147408.07450585242
2068,137087.87879577512
2069,103931.11990789686
2070,116905.46745868794
2071,78781.64596734074
2072,120559.74308843084
2073,144475.71232886479
2074,163699.48662483646
2075,155485.78456634932
2076,100098.72912066428
2077,150177.26151559348
2078,127988.74280926042
2079,130687.38997870211
2080,123048.57101817074
2081,120938.88592887316
2082,137597.61178666246
2083,141763.14561737995
2084,115355.24169934806
2085,131920.23326001165
2086,147876.17056690817
2087,123206.10616652014
2088,117699.30511411112
2089,83453.78054659892
2090,148169.53916103952
2091,137571.51915711316
2092,127730.74389226115
2093,118844.71192153418
2094,128408.55772252344
2095,131997.45867640752
2096,99062.96188467238
2097,113209.47139509006
2098,132538.0512806523
2099,79370.70282699706
2100,130398.45948962662
2101,125702.03890708661
2102,134477.6635184939
2103,109079.21158131374
2104,120913.82168295328
2105,140213.64399448968
2106,89008.02235240983
2107,174757.66143049393
2108,113418.95372301055
2109,119789.51303166412
2110,111970.29119807106
2111,177013.49649730368
2112,140422.37165507604
2113,133345.84727147422
2114,146519.41221266237
2115,161923.57336486893
2116,103003.87069823135
2117,153442.2558939786
2118,127491.76364239406
2119,119052.87930999328
2120,127258.1671176675
2121,102100.31742037211
2122,115816.53598139985
2123,109998.87743751262
2124,160884.8875367696
2125,123405.46348573118
2126,153848.1627618466
2127,142646.81163101186
2128,135896.47806948304
2129,99676.92186399165
2130,138722.68220049108
2131,132227.27343685323
2132,122180.38664440591
2133,116140.57998185657
2134,115719.25156260232
2135,110542.75618998404
2136,89431.17912755234
2137,139973.61261697655
2138,148197.25675397096
2139,164987.45967647427
2140,138300.42395967594
2141,145255.95986804029
2142,137901.57545753603
2143,142124.28604320998
2144,116677.87370335255
2145,142973.39876084562
2146,172151.928457236
2147,131216.8437252606
2148,129645.23965386627
2149,143697.75936799165
2150,199863.2076653995
2151,118298.89461314863
2152,155369.32229455464
2153,142698.91513553332
2154,126824.47733872189
2155,150164.46138366175
2156,219945.92197153857
2157,205123.96686928233
2158,248228.71788870785
2159,220465.27891735398
2160,190415.7180243137
2161,221648.34764495806
2162,286710.287731088
2163,251549.86614790102
2164,190948.2917069619
2165,178030.96063331942
2166,138103.52945040388
2167,198374.2422554478
2168,220632.04253899847
2169,202100.0208608836
2170,224658.1216668285
2171,151664.26050005664
2172,140454.13321843176
2173,186173.73529665064
2174,243807.89289675266
2175,228379.98594849228
2176,234734.8488020692
2177,234150.26000488174
2178,212082.6439914601
2179,145018.79062839193
2180,168108.75357941855
2181,205882.37111424212
2182,238877.69277729897
2183,201856.64730563818
2184,126601.1391443516
2185,134532.23426662586
2186,144698.28478947052
2187,152437.28684845002
2188,153103.88890676651
2189,225299.56691883152
2190,87312.31298971477
2191,96801.68221118224
2192,102508.17504879228
2193,138909.2101236747
2194,124605.65945623678
2195,103544.9600501718
2196,119011.5193364576
2197,127341.90638681766
2198,148128.2630543737
2199,156118.675183254
2200,145387.60092884733
2201,153725.63649216076
2202,194228.1740127808
2203,152488.63171891874
2204,188188.1268606756
2205,118345.47766308853
2206,130667.70554306293
2207,187379.38929702286
2208,230270.07527225968
2209,175682.4831276263
2210,126494.22011385464
2211,117911.788634101
2212,122317.88942363564
2213,108755.51072264177
2214,135957.3745284323
2215,107338.23872307198
2216,136916.6691251205
2217,89566.50383899457
2218,109385.36889271966
2219,107767.91519990488
2220,105711.25218175125
2221,229094.53605929777
2222,217730.58154178067
2223,236509.02034315
2224,205781.94708186996
2225,157389.61940569218
2226,169030.91824591998
2227,200020.83645455408
2228,230920.72817064545
2229,215137.63284076448
2230,171115.78497023816
2231,203062.65897577314
2232,189759.9441669797
2233,184136.6736935287
2234,206863.0362309325
2235,202707.051047901
2236,240227.37541755597
2237,239307.25071883528
2238,163024.9275477274
2239,147705.66403171493
2240,161872.8907514222
2241,150195.74007132312
2242,133673.18158291702
2243,129726.82648662319
2244,122292.80386164735
2245,117992.1442962963
2246,164222.32645096804
2247,149149.2321165473
2248,131726.03956940383
2249,133145.8937402055
2250,134628.7795737185
2251,144108.47729620937
2252,167618.4250705309
2253,164929.84933846738
2254,175141.0755307934
2255,181777.0639450408
2256,184455.2404017884
2257,193116.33747834314
2258,178389.6817937829
2259,178543.53304010027
2260,165488.7459514254
2261,170260.55656887082
2262,171653.9087872971
2263,290348.74006296234
2264,258535.3748806368
2265,161503.4758024947
2266,215288.95151783826
2267,232979.76244593397
2268,263350.7716097677
2269,159686.86814269924
2270,186284.26963860457
2271,206164.42831714093
2272,193544.53460130174
2273,170640.42262989964
2274,177978.4582488437
2275,176657.34170166365
2276,170178.25354933421
2277,178340.37185517533
2278,148314.3437339126
2279,140277.14436031168
2280,138191.86037061285
2281,177001.8379793604
2282,180358.70123187362
2283,122908.531761002
2284,136466.15326799706
2285,137531.94527176305
2286,121577.35768214802
2287,242728.54718584413
2288,242852.4765169207
2289,254793.36338459048
2290,326586.7040786411
2291,322776.64815162553
2292,250638.55498236974
2293,275280.839878917
2294,298729.2036598594
2295,266454.9673256699
2296,277616.77746198693
2297,307051.40446698
2298,238029.84151632036
2299,302707.90306232066
2300,296650.2977429541
2301,250279.21416876488
2302,221774.63511139312
2303,221786.84142314736
2304,241506.73131840472
2305,182178.6513596393
2306,176559.38801161948
2307,193800.62090959895
2308,205852.45791476272
2309,209588.0554193151
2310,205060.00852192644
2311,186784.96905995675
2312,190649.3748237886
2313,183744.09497544562
2314,194943.3638208907
2315,177388.79245742384
2316,196219.1885044928
2317,185392.23522648582
2318,175807.80258438757
2319,188932.7413042663
2320,189873.50483914226
2321,224982.91749801332
2322,196100.72049380778
2323,184501.67944369756
2324,180943.17695883653
2325,213162.82387253124
2326,173610.0537451794
2327,211387.66312284963
2328,222088.39744232545
2329,180313.39480579452
2330,177224.2621893607
2331,289926.83478817873
2332,287580.10312356066
2333,260718.1806533857
2334,278998.5358709139
2335,260145.31787300608
2336,262949.4449723482
2337,218801.02000327362
2338,236708.7253882354
2339,222506.7350764626
2340,238838.37517379623
2341,226087.91326606588
2342,228837.1431722667
2343,222506.16740311022
2344,244272.35143557834
2345,231280.49740919942
2346,213973.52420640108
2347,204810.09825497642
2348,226284.86244973913
2349,198956.7638110536
2350,246549.42476896505
2351,234929.93875778417
2352,235552.38576926867
2353,233904.3374088305
2354,158518.98488803898
2355,163700.58156117698
2356,156508.0538946132
2357,204975.39840883433
2358,199438.18561220975
2359,138744.65392432318
2360,127399.6420258946
2361,140690.4089684123
2362,253712.05196354317
2363,136459.89322928694
2364,153819.28484743534
2365,195430.82524696982
2366,187689.23053149175
2367,204797.60122591845
2368,201857.4997898
2369,207787.5245966054
2370,169708.3384457418
2371,174737.02028426746
2372,193711.4307448058
2373,238196.26204485688
2374,264700.48947877873
2375,177744.87202486792
2376,231459.56060326716
2377,229433.3883096742
2378,153997.57335850125
2379,192982.63795895365
2380,147251.7055445673
2381,155132.05461251843
2382,206195.05325759127
2383,203472.52018104214
2384,253383.81285252073
2385,165117.1297874426
2386,142641.46653134815
2387,139308.6458381448
2388,111936.6144963442
2389,129022.47845419074
2390,151275.80931695458
2391,131327.84750235328
2392,126371.18772264963
2393,168467.02367174954
2394,146530.69283234738
2395,193254.82154068424
2396,153519.34102870832
2397,186236.547602363
2398,127277.79248861753
2399,75096.88769986367
2400,83615.14089397863
2401,121455.12714991496
2402,136870.157697516
2403,133928.04264645054
2404,148638.47289528634
2405,161758.93138856132
2406,142958.15654064296
2407,123618.32386961678
2408,135584.54681244562
2409,141491.8509153901
2410,154094.77292486464
2411,122625.33128492683
2412,143683.67458357802
2413,134230.25490741615
2414,152203.5771462177
2415,126645.20352816339
2416,121069.28870612293
2417,135632.46764318808
2418,137015.68164249317
2419,119384.03225200386
2420,122540.70899830906
2421,142591.71442935092
2422,112622.76218700275
2423,141439.12845789094
2424,145809.3285277136
2425,201627.42790141416
2426,122504.91788331833
2427,147476.4736460862
2428,170941.21510130906
2429,115986.91291502802
2430,137767.80522080124
2431,103129.87833499757
2432,139906.23597371756
2433,139751.77468926052
2434,138800.18025316682
2435,152755.07606660877
2436,123111.79632778912
2437,116949.31635438719
2438,127038.19855936624
2439,105995.178329588
2440,117085.5090916552
2441,99054.9487689163
2442,102912.77609142638
2443,111924.39086929508
2444,123559.82004108431
2445,105027.31889057881
2446,130649.38036031638
2447,180654.08546753976
2448,147277.04895725116
2449,107682.52446622119
2450,145495.63195744544
2451,135370.29868800723
2452,186630.3892417419
2453,114203.01147167348
2454,134756.5749056794
2455,118951.57104354617
2456,129433.8233637842
2457,143296.0738013551
2458,140307.33674572516
2459,112283.34502549027
2460,144321.17523146523
2461,129887.84630766093
2462,139876.06235533315
2463,115483.34701717472
2464,163038.85966935506
2465,142807.0992058678
2466,112205.30625713652
2467,144877.75562073174
2468,96202.69284839748
2469,88376.40183723866
2470,172165.91964327736
2471,179990.43390325346
2472,138700.12425174462
2473,110174.37310440636
2474,100073.76352483037
2475,190550.05713896846
2476,120390.82151986727
2477,130137.07750888576
2478,147673.56491307364
2479,110936.55037835955
2480,163631.10386130714
2481,119329.67846419127
2482,128798.62036139204
2483,126959.10063831686
2484,124704.83622912048
2485,132172.50063473915
2486,155595.4680760118
2487,166199.25365075818
2488,144433.99640900354
2489,152857.79108959596
2490,147366.5852677667
2491,105974.44113732106
2492,179562.8286819815
2493,172567.73045512373
2494,150718.97124167034
2495,124012.08105439157
2496,229790.96544169812
2497,153832.91439631346
2498,109579.54154265973
2499,119339.02482450518
2500,136318.64845323795
2501,110937.89024185386
2502,133854.46508188645
2503,98495.72839910549
2504,182863.50066181947
2505,225143.42272169967
2506,222764.22838162922
2507,276922.3445367298
2508,234951.77825279924
2509,237617.65210172586
2510,213026.3078292029
2511,195011.46506272492
2512,213416.83000450907
2513,210981.39072908807
2514,205601.07325977873
2515,142728.369204766
2516,180078.97832030308
2517,137546.49250121618
2518,159798.86529277408
2519,210934.99971242138
2520,206803.3038706573
2521,207359.4567224525
2522,216186.8850719457
2523,117662.10300334642
2524,131948.6460043724
2525,144261.36292600926
2526,131225.00536888948
2527,126919.73527849895
2528,123093.53917431379
2529,132104.331193156
2530,133920.72778891327
2531,230492.2031382837
2532,217590.3810356953
2533,202893.851577276
2534,205891.6245883065
2535,247753.4783485182
2536,227241.7423214957
2537,178623.80528245712
2538,193152.04523581787
2539,187262.21194266394
2540,184505.70797459726
2541,189486.24015030908
2542,170893.02545543143
2543,121643.21390768998
2544,123628.39914588137
2545,124036.00255909197
2546,144314.10438660055
2547,140508.73674359845
2548,162657.6626339346
2549,158413.2522610282
2550,279380.6322138081
2551,146190.39180266534
2552,119347.44565166159
2553,88373.34870648105
2554,114084.33284555726
2555,114320.40844993941
2556,101425.03806792406
2557,101301.60442102193
2558,134134.6170689166
2559,125941.44924632879
2560,146477.80255268596
2561,136201.95157088648
2562,148835.1274806041
2563,151873.51089867853
2564,182160.39159678342
2565,147520.6497069093
2566,161861.93506023608
2567,132662.16859466655
2568,175915.22796226986
2569,195749.3108874364
2570,129036.75426541253
2571,200466.62149304245
2572,146561.7473805969
2573,209040.49553539342
2574,250393.49753255228
2575,120164.48089844323
2576,149304.70238740277
2577,163228.42164467476
2578,99801.07184883521
2579,93942.2606839093
2580,135529.61668260608
2581,121306.36485840219
2582,122583.7174885698
2583,217177.80566630038
2584,176026.07042095324
2585,187147.59849337727
2586,184624.40695529492
2587,180925.84810306132
2588,158880.09207725915
2589,143985.15314277145
2590,203142.687760243
2591,225869.84685553247
2592,224105.89762579222
2593,222810.86976460766
2594,179925.57790285914
2595,188737.9791053132
2596,228507.96087652072
2597,184422.16888031724
2598,238763.92974216258
2599,248116.36435951758
2600,151945.22757186153
2601,152020.64001925933
2602,82435.04990634875
2603,117942.54295469067
2604,101371.18139471093
2605,93382.74505928282
2606,153376.3436254078
2607,182651.02120570227
2608,173912.36675434432
2609,155179.2277095424
2610,129834.46944526906
2611,146468.72206395713
2612,148849.05382349773
2613,132538.32370360446
2614,130667.05328084591
2615,143722.3632496307
2616,135525.4831450441
2617,150290.73933291624
2618,171013.84408964755
2619,190986.0535740884
2620,174949.21072458944
2621,193092.57402733946
2622,176333.9490252688
2623,223966.6438324222
2624,247917.4160730306
2625,242428.2573560679
2626,169034.11760205295
2627,166243.9637893517
2628,296731.8766710877
2629,297595.69120643794
2630,259918.7772982752
2631,324835.5455817122
2632,321161.72203352774
2633,216820.8228642928
2634,255101.71306352186
2635,149322.7718391932
2636,185335.896339934
2637,161118.22506214769
2638,280113.9010441119
2639,189469.86057460518
2640,159430.57028416827
2641,95374.16938623361
2642,180708.260855314
2643,121346.96050014248
2644,127225.44387916416
2645,129653.88361210332
2646,123294.49890823143
2647,124103.89073284101
2648,132222.47421294395
2649,143692.65104270435
2650,138221.2977903476
2651,153364.9074016686
2652,290655.504805181
2653,217690.77812984175
2654,234266.74073126796
2655,237798.98423800556
2656,299609.1328974918
2657,295774.86828679283
2658,302939.1725698855
2659,284210.32252435916
2660,318272.33139072236
2661,227540.66702291125
2662,234637.0888674248
2663,226740.6664545768
2664,210963.9806907861
2665,212141.20979972451
2666,219931.008514309
2667,173807.86355737783
2668,192123.33990654108
2669,183362.24652073285
2670,271825.1140724849
2671,201271.2864329883
2672,192766.87272351817
2673,210406.5871591047
2674,209370.43441126376
2675,161251.57853375076
2676,183401.4699605121
2677,191821.11645705774
2678,240473.04080272626
2679,248044.9605071861
2680,261183.43621369702
2681,266488.60276674555
2682,274044.0580188993
2683,291293.0766775107
2684,265448.33957593935
2685,276041.66991161753
2686,245768.22485687165
2687,226671.52705121902
2688,226222.60137778678
2689,204653.3462300008
2690,303023.3728468571
2691,192908.43137144018
2692,157658.22789834597
2693,200293.1692711914
2694,161938.17444422253
2695,192725.74369053883
2696,190185.14429821007
2697,190021.22487887196
2698,193603.63609708543
2699,174040.36496867507
2700,163582.86831236945
2701,168473.2953542689
2702,114263.77274564681
2703,122518.7543705449
2704,140219.34990288352
2705,125340.55404869557
2706,125159.94877911848
2707,127214.01263280977
2708,149226.41930677113
2709,125401.73287389992
2710,126557.66237160447
2711,209875.75223055275
2712,288036.1651653229
2713,168303.76381675983
2714,156387.57626433688
2715,173250.05947879652
2716,156134.86004038886
2717,217738.09020904734
2718,205012.40197243597
2719,156908.29438123424
2720,172630.9057455229
2721,135642.22139721984
2722,148378.07109884406
2723,147731.19270799775
2724,128450.90526420012
2725,131051.26871952045
2726,150444.647717078
2727,172298.00876418038
2728,160453.10658540152
2729,157078.940815504
2730,150382.1364421391
2731,114105.5849499717
2732,118971.05412729688
2733,152321.30681378697
2734,141703.72975998314
2735,125445.19011472166
2736,148864.73006586125
2737,129732.8566990241
2738,126085.8838123836
2739,162908.51944880356
2740,141670.41671225068
2741,146951.1660136576
2742,152396.3637806043
2743,144703.7143917213
2744,147078.8062279047
2745,145668.95978736875
2746,132695.54353156273
2747,154886.83237977882
2748,132000.18754897403
2749,130759.58285394515
2750,144628.18961283544
2751,133006.9113061489
2752,187062.30033157338
2753,155605.75104311615
2754,166102.46218249697
2755,136428.74995661518
2756,95796.35947340606
2757,73492.59251854665
2758,96919.92833987101
2759,137066.81672159903
2760,121120.7471904078
2761,158353.08628450645
2762,150150.58592837834
2763,171501.32504738972
2764,177747.35889334418
2765,225365.89005478198
2766,144497.6628598866
2767,90329.8975261738
2768,129635.56410503302
2769,117173.19218503163
2770,144271.20036201252
2771,120448.51311692872
2772,128368.83609866479
2773,163979.97854576743
2774,124631.79628197312
2775,124086.82193161089
2776,125726.43660377382
2777,133538.85879003588
2778,124560.21958219117
2779,121080.43096995243
2780,114122.03867173893
2781,93346.00106770753
2782,105553.45841478017
2783,102854.53965567482
2784,116459.2424602496
2785,134318.3942780822
2786,78384.12323339461
2787,121945.86213011653
2788,89349.51378020064
2789,165071.82463528877
2790,113943.29634291785
2791,116807.72755332974
2792,73169.60210571022
2793,171866.7594748035
2794,108111.19514155292
2795,134241.6164147499
2796,103191.26620184383
2797,174416.65638082093
2798,111655.222939979
2799,118749.45233104796
2800,104415.73382081982
2801,111111.85807401642
2802,129263.10757494917
2803,142719.14208536647
2804,153548.58026507334
2805,106682.91274704403
2806,84368.17389135582
2807,163226.18557272575
2808,140503.6228442031
2809,145168.97499665644
2810,133899.86788228535
2811,149389.91687059024
2812,140327.62061280065
2813,139359.3854617755
2814,141058.19305477676
2815,108976.44041325168
2816,208903.16433441083
2817,165105.62315555324
2818,135446.60432277265
2819,176998.9349353109
2820,133561.35084926628
2821,108418.72798310229
2822,191194.32709039282
2823,208715.97623637068
2824,146548.06639077497
2825,152730.7244457119
2826,133751.86274441064
2827,141403.5222741519
2828,243586.87004112007
2829,181620.58205703084
2830,212069.4669851033
2831,191947.83030176462
2832,215329.2455691262
2833,215924.81039080227
2834,206415.9168105752
2835,225262.0489110144
2836,197699.8925978534
2837,168599.93931858146
2838,152986.57357440566
2839,185236.0753540199
2840,188823.37240744446
2841,204863.9162815513
2842,205840.57186871587
2843,146187.35597115607
2844,150852.2473024821
2845,127655.82099434218
2846,207893.89077333873
2847,184983.91003173447
2848,175122.04361165978
2849,217175.3370432946
2850,240225.83801587176
2851,240661.62825629965
2852,224240.92522282462
2853,231638.54019744368
2854,136496.79255401567
2855,191350.9620297523
2856,203960.25821186329
2857,194854.42717881405
2858,194321.65215290032
2859,131588.76287949274
2860,125957.89624984525
2861,131479.25353581877
2862,170281.30041757386
2863,145721.75017116457
2864,259004.89284000293
2865,142562.02139344095
2866,131892.23802261674
2867,111071.71784783695
2868,113272.10029617134
2869,129185.85955110365
2870,145706.75467809313
2871,102353.68405734445
2872,70283.51925969167
2873,119221.14687979102
2874,129298.74641222342
2875,121728.79183948632
2876,151506.83900614246
2877,134251.81599528185
2878,180104.9428389493
2879,121956.09610120999
2880,98070.98560310129
2881,173452.77970489682
2882,165516.7300971726
2883,181349.03659305233
2884,181831.2065743527
2885,190062.47588206385
2886,195314.3569203219
2887,104903.1189539214
2888,123119.10086253795
2889,72691.69283025047
2890,91234.35846572655
2891,136569.0285438397
2892,89512.76629850095
2893,100726.70397237492
2894,83772.11444604225
2895,228321.61022489305
2896,214554.51492465346
2897,185352.86801684755
2898,156003.98398986156
2899,209334.49634287055
2900,171960.28600210673
2901,169298.5011532469
2902,190067.53273144006
2903,235803.10730607642
2904,232518.9566269943
2905,138558.95591000255
2906,168911.88706417434
2907,113656.08642615617
2908,131484.96790302507
2909,150264.45915499597
2910,111963.62082124235
2911,82435.04990634875
2912,157415.41982167363
2913,88540.70950828314
2914,88865.83749216571
2915,100163.5686568376
2916,88540.70950828314
2917,163452.88188691204
2918,139138.75982182057
2919,218214.41000392695
